%YAML:1.0
calibration_time: "Fri 09 Mar 2012 07:02:53 PM PST"
nframes: 10
image_width: 640
image_height: 480
board_width: 9
board_height: 6
square_size: 9.3000000715255737e-01
flags: 0
camera_matrix: !!opencv-matrix
   rows: 3
   cols: 3
   dt: d
   data: [ 7.6381745481255314e+02, 0., 3.0215867400715268e+02, 0.,
       7.6325081767175607e+02, 2.9257786570433154e+02, 0., 0., 1. ]
distortion_coefficients: !!opencv-matrix
   rows: 5
   cols: 1
   dt: d
   data: [ -2.8070793218545154e-01, 7.7026743027255584e-01,
       -5.1916175315843676e-03, -5.7904090916188989e-03,
       -1.5338587434034843e+00 ]
avg_reprojection_error: 4.7666272699453582e-01
per_view_reprojection_errors: !!opencv-matrix
   rows: 10
   cols: 1
   dt: f
   data: [ 6.93137348e-01, 4.80208755e-01, 4.62739408e-01,
       6.51371181e-01, 4.97947633e-01, 3.87294292e-01, 2.73746103e-01,
       2.84185201e-01, 3.19311857e-01, 5.16734600e-01 ]
# a set of 6-tuples (rotation vector + translation vector) for each view
extrinsic_parameters: !!opencv-matrix
   rows: 10
   cols: 6
   dt: d
   data: [ -1.8582863276173303e-01, -1.9759605805281003e-01,
       1.8873092733555291e-01, -4.2180665881215615e+00,
       -4.9433098050220865e+00, 1.3994000893698725e+01,
       5.8519363201039891e-02, 6.7554530928343556e-02,
       -3.9009498080067692e-02, -3.3965530369945305e+00,
       -4.4204951319247119e+00, 1.3911415045157060e+01,
       2.2825245034640659e-02, -8.0110160762765382e-03,
       -4.7497119821883198e-02, -3.3225160271686058e+00,
       -4.4322352104136016e+00, 1.3484541955597342e+01,
       -9.3531279400483364e-02, -2.6392481708718268e-01,
       9.4808493707145780e-02, -4.5315454368606458e+00,
       -4.7306738126391616e+00, 1.2972121225305902e+01,
       -1.0773480967186633e-01, -2.1787194875945623e-01,
       7.8071092459919736e-02, -4.7478043754486325e+00,
       -4.5772740430540253e+00, 1.3241363712660688e+01,
       1.1822041106369927e-02, -1.3624910081836164e-01,
       4.1021846606062999e-02, -4.0260137059847008e+00,
       -4.4324959767702516e+00, 1.4681843154146922e+01,
       1.1742699554214045e-02, -1.2988909934319251e-01,
       3.0822100445149103e-02, -3.6338970051001334e+00,
       -4.4350632608033571e+00, 1.7134140875765773e+01,
       9.5288977460850303e-03, -1.6653117492234235e-01,
       3.2553828588697271e-02, -3.2125991202578268e+00,
       -4.8522754541957571e+00, 1.9851136011402378e+01,
       -4.3045851616184813e-03, -2.2271662864818578e-01,
       3.9627311677047625e-02, -2.5324616120651546e+00,
       -3.9960561751262689e+00, 2.2586266122239213e+01,
       4.1711939668774831e-02, -2.5590786626729534e-01,
       6.7701844291780250e-02, -1.7870929792517387e+00,
       -2.8177909729563639e+00, 2.5309466814711932e+01 ]
image_points: !!opencv-matrix
   rows: 10
   cols: 54
   dt: "2f"
   data: [ 7.90805435e+01, 2.99544106e+01, 1.27230797e+02,
       4.18125229e+01, 1.74981430e+02, 5.43710976e+01, 2.22189392e+02,
       6.65283508e+01, 2.68450012e+02, 7.81275787e+01, 3.15164856e+02,
       8.94369125e+01, 3.59966217e+02, 1.01436729e+02, 4.05099762e+02,
       1.12622704e+02, 4.47229309e+02, 1.24851250e+02, 6.66409225e+01,
       7.45017624e+01, 1.15542542e+02, 8.53934097e+01, 1.64014084e+02,
       9.77511368e+01, 2.12245880e+02, 1.09504524e+02, 2.59762115e+02,
       1.20899910e+02, 3.06970520e+02, 1.32416443e+02, 3.52695282e+02,
       1.44273849e+02, 3.97906006e+02, 1.55686142e+02, 4.41576752e+02,
       1.66924362e+02, 5.42723236e+01, 1.20182846e+02, 1.03630852e+02,
       1.30644836e+02, 1.53343719e+02, 1.42962784e+02, 2.02457474e+02,
       1.54253738e+02, 2.50846893e+02, 1.65604492e+02, 2.98737976e+02,
       1.76727097e+02, 3.45751709e+02, 1.87852020e+02, 3.92154755e+02,
       1.98840530e+02, 4.35729919e+02, 2.10140854e+02, 4.11663589e+01,
       1.66936935e+02, 9.24905396e+01, 1.78247726e+02, 1.42583221e+02,
       1.89688431e+02, 1.92614014e+02, 2.00811234e+02, 2.41946655e+02,
       2.11692520e+02, 2.90673126e+02, 2.22687225e+02, 3.37715607e+02,
       2.34087799e+02, 3.84114777e+02, 2.44583221e+02, 4.28653320e+02,
       2.55273697e+02, 2.93330021e+01, 2.16271820e+02, 8.11794586e+01,
       2.26780075e+02, 1.31885696e+02, 2.38189972e+02, 1.82721954e+02,
       2.48949402e+02, 2.33038086e+02, 2.59542114e+02, 2.83008087e+02,
       2.70339264e+02, 3.30579498e+02, 2.80807465e+02, 3.77603333e+02,
       2.90944061e+02, 4.22707947e+02, 3.00576233e+02, 1.66620007e+01,
       2.66440491e+02, 6.97170715e+01, 2.77666718e+02, 1.22199471e+02,
       2.88034546e+02, 1.73621796e+02, 2.98513855e+02, 2.24140228e+02,
       3.09165253e+02, 2.74426727e+02, 3.19286713e+02, 3.23159088e+02,
       3.29175507e+02, 3.70431976e+02, 3.38489685e+02, 4.16546722e+02,
       3.47313599e+02, 1.20177979e+02, 5.52809563e+01, 1.67947495e+02,
       5.14858131e+01, 2.17548172e+02, 4.82750092e+01, 2.67743134e+02,
       4.49074860e+01, 3.18616180e+02, 4.23068657e+01, 3.69904449e+02,
       4.01445847e+01, 4.20681732e+02, 3.78755836e+01, 4.71611115e+02,
       3.59854469e+01, 5.21951416e+02, 3.45136871e+01, 1.22538795e+02,
       1.05136368e+02, 1.70200150e+02, 1.01741936e+02, 2.19833893e+02,
       9.87597275e+01, 2.70059113e+02, 9.57419434e+01, 3.20830872e+02,
       9.32231827e+01, 3.72313324e+02, 9.11070480e+01, 4.22889404e+02,
       8.91183167e+01, 4.73693054e+02, 8.73534546e+01, 5.23972473e+02,
       8.54878235e+01, 1.24502686e+02, 1.54802994e+02, 1.72362930e+02,
       1.51853043e+02, 2.21727448e+02, 1.49220200e+02, 2.72344574e+02,
       1.46398956e+02, 3.23202698e+02, 1.44179733e+02, 3.74559052e+02,
       1.42017517e+02, 4.25342285e+02, 1.39887329e+02, 4.76136078e+02,
       1.38002808e+02, 5.26214783e+02, 1.36314133e+02, 1.26544167e+02,
       2.04383408e+02, 1.74787796e+02, 2.01947128e+02, 2.24123749e+02,
       1.99615936e+02, 2.74463318e+02, 1.97388290e+02, 3.25440247e+02,
       1.95260086e+02, 3.76769501e+02, 1.93136642e+02, 4.27543304e+02,
       1.91052765e+02, 4.78289154e+02, 1.89087021e+02, 5.28158081e+02,
       1.87130325e+02, 1.28151505e+02, 2.54116180e+02, 1.76557358e+02,
       2.52105865e+02, 2.26286972e+02, 2.50248917e+02, 2.76601440e+02,
       2.48302917e+02, 3.27593018e+02, 2.46123230e+02, 3.78888885e+02,
       2.44024948e+02, 4.29748413e+02, 2.41973801e+02, 4.80487244e+02,
       2.39856995e+02, 5.29839294e+02, 2.37693817e+02, 1.29801575e+02,
       3.03713776e+02, 1.78865570e+02, 3.02193176e+02, 2.28448410e+02,
       3.00713318e+02, 2.78865448e+02, 2.99029144e+02, 3.29817657e+02,
       2.97130798e+02, 3.81094910e+02, 2.95078979e+02, 4.31982330e+02,
       2.93156036e+02, 4.81941040e+02, 2.90531311e+02, 5.31169312e+02,
       2.88049347e+02, 1.18460831e+02, 4.74041481e+01, 1.68644684e+02,
       4.40684242e+01, 2.20215103e+02, 4.12494812e+01, 2.71674286e+02,
       3.86909943e+01, 3.23436157e+02, 3.67173462e+01, 3.74793640e+02,
       3.54259224e+01, 4.25419891e+02, 3.41655426e+01, 4.75295685e+02,
       3.32391853e+01, 5.23859863e+02, 3.28401794e+01, 1.20582672e+02,
       9.84793777e+01, 1.71013214e+02, 9.53576508e+01, 2.22538773e+02,
       9.25988922e+01, 2.74357117e+02, 8.99699097e+01, 3.26143829e+02,
       8.76685028e+01, 3.77553528e+02, 8.60865555e+01, 4.28227448e+02,
       8.48621750e+01, 4.77965393e+02, 8.37304764e+01, 5.26765442e+02,
       8.28017273e+01, 1.22661072e+02, 1.49573257e+02, 1.73212326e+02,
       1.46593155e+02, 2.24706528e+02, 1.43838486e+02, 2.76727570e+02,
       1.41237625e+02, 3.28616150e+02, 1.39199127e+02, 3.80464966e+02,
       1.37210114e+02, 4.31250610e+02, 1.35483810e+02, 4.80986572e+02,
       1.33956512e+02, 5.29818054e+02, 1.32740707e+02, 1.24887894e+02,
       2.00753326e+02, 1.75740662e+02, 1.98222839e+02, 2.27143906e+02,
       1.95550491e+02, 2.79218964e+02, 1.93023499e+02, 3.31246216e+02,
       1.90701599e+02, 3.82996277e+02, 1.88530487e+02, 4.33917328e+02,
       1.86573746e+02, 4.83934296e+02, 1.84661896e+02, 5.32782959e+02,
       1.82933258e+02, 1.27012337e+02, 2.52087051e+02, 1.77868561e+02,
