%YAML:1.0
calibration_time: "Sat 10 Mar 2012 02:46:11 PM PST"
nframes: 10
image_width: 640
image_height: 480
board_width: 9
board_height: 6
square_size: 9.3000000715255737e-01
flags: 0
camera_matrix: !!opencv-matrix
   rows: 3
   cols: 3
   dt: d
   data: [ 1.2714226035701308e+03, 0., 3.3805505257034480e+02, 0.,
       1.2680238677466486e+03, 2.4819960020770648e+02, 0., 0., 1. ]
distortion_coefficients: !!opencv-matrix
   rows: 5
   cols: 1
   dt: d
   data: [ -4.9077548135266663e-01, 1.3753043686362004e+01,
       -7.3799438206516451e-04, 5.2603632579695519e-04,
       -2.3685269162558092e+02 ]
avg_reprojection_error: 2.0171874319768840e-01
per_view_reprojection_errors: !!opencv-matrix
   rows: 10
   cols: 1
   dt: f
   data: [ 2.10445479e-01, 1.82840571e-01, 1.91882357e-01,
       1.89613357e-01, 2.11565405e-01, 2.37608939e-01, 2.09476113e-01,
       2.06905663e-01, 1.96377039e-01, 1.73038736e-01 ]
# a set of 6-tuples (rotation vector + translation vector) for each view
extrinsic_parameters: !!opencv-matrix
   rows: 10
   cols: 6
   dt: d
   data: [ -7.0950298044318280e-02, -7.3374441637551496e-02,
       -4.0230491040652780e-02, -4.1798356084690047e+00,
       -3.0332343078983279e+00, 3.1509063008399561e+01,
       -6.6185756852662647e-02, -8.4379285474202967e-02,
       -4.0074095099682940e-02, -4.1476508246327874e+00,
       -2.9803118098920307e+00, 3.1389916084890523e+01,
       -6.9137463347047082e-02, -7.7614558691549221e-02,
       -4.0729406600682236e-02, -4.1886015159958720e+00,
       -2.9381725464694024e+00, 3.1413399069967262e+01,
       -6.9510908275913511e-02, -8.1005503099219417e-02,
       -4.0157259455794743e-02, -4.2122231459101025e+00,
       -2.8705196155240351e+00, 3.1518752711128137e+01,
       -6.4368884760225328e-02, -8.5618030197277012e-02,
       -3.9548889724206483e-02, -4.2234989642286394e+00,
       -2.8348227559513743e+00, 3.1610711952110918e+01,
       -7.9003740715043513e-02, -8.1867950673608678e-02,
       -4.3367302950913761e-02, -4.2600085892995025e+00,
       -2.8118979423255612e+00, 3.1771767324738274e+01,
       -7.5952029235078294e-02, -8.5333131016205807e-02,
       -4.2324994764615029e-02, -4.2455952184358106e+00,
       -2.7864437315082702e+00, 3.1878994254601512e+01,
       -7.2253066552101355e-02, -8.2053562154859774e-02,
       -4.4928717938609752e-02, -4.2689911864883339e+00,
       -2.7960789555714483e+00, 3.1706140418831168e+01,
       -7.0790186692028051e-02, -8.2740130279246663e-02,
       -4.2581780607892368e-02, -4.1793521331568790e+00,
       -2.8338709434219469e+00, 3.1346777695131543e+01,
       -6.7072182453891849e-02, -8.8583897556158808e-02,
       -4.4712404388115815e-02, -4.1355109126392815e+00,
       -2.8287893191167250e+00, 3.1069585467727144e+01 ]
image_points: !!opencv-matrix
   rows: 10
   cols: 54
   dt: "2f"
   data: [ 1.70750336e+02, 1.27156349e+02, 2.07695297e+02,
       1.25603516e+02, 2.45124619e+02, 1.24225410e+02, 2.82168793e+02,
       1.23197418e+02, 3.18971649e+02, 1.22219460e+02, 3.56202728e+02,
       1.21090431e+02, 3.92768066e+02, 1.20162170e+02, 4.29468079e+02,
       1.18985977e+02, 4.65668121e+02, 1.17638458e+02, 1.71693832e+02,
       1.63919327e+02, 2.09396286e+02, 1.62375275e+02, 2.46436905e+02,
       1.61189270e+02, 2.83523712e+02, 1.60164642e+02, 3.20468109e+02,
       1.58506882e+02, 3.57713074e+02, 1.57395813e+02, 3.94640717e+02,
       1.56399445e+02, 4.31042999e+02, 1.55351990e+02, 4.67403748e+02,
       1.54065231e+02, 1.73029495e+02, 2.00664688e+02, 2.09971130e+02,
       1.99412231e+02, 2.47538635e+02, 1.97752304e+02, 2.85087952e+02,
       1.96627075e+02, 3.22283234e+02, 1.95495926e+02, 3.59362274e+02,
       1.93873001e+02, 3.96249786e+02, 1.93171249e+02, 4.33262146e+02,
       1.91880020e+02, 4.69345856e+02, 1.90511978e+02, 1.74216751e+02,
       2.38038620e+02, 2.11861374e+02, 2.36723328e+02, 2.49280975e+02,
       2.35338531e+02, 2.86322998e+02, 2.33738388e+02, 3.23701904e+02,
       2.32532104e+02, 3.61341034e+02, 2.31138031e+02, 3.97845184e+02,
       2.29930908e+02, 4.34914185e+02, 2.28441376e+02, 4.71445526e+02,
       2.27202744e+02, 1.75381943e+02, 2.75403992e+02, 2.12921387e+02,
       2.73725616e+02, 2.50596390e+02, 2.72484802e+02, 2.87684937e+02,
       2.71193085e+02, 3.25293579e+02, 2.69528137e+02, 3.62801666e+02,
       2.68252136e+02, 3.99883911e+02, 2.66663757e+02, 4.36477112e+02,
       2.65283203e+02, 4.73271729e+02, 2.63800507e+02, 1.76857971e+02,
       3.12854492e+02, 2.14260010e+02, 3.11544312e+02, 2.52060425e+02,
       3.10281464e+02, 2.89499908e+02, 3.08678955e+02, 3.27140076e+02,
       3.06969849e+02, 3.64418457e+02, 3.05456024e+02, 4.01429199e+02,
       3.03703125e+02, 4.38427765e+02, 3.02477570e+02, 4.74776154e+02,
       3.00621735e+02, 1.71556763e+02, 1.28491943e+02, 2.08726410e+02,
       1.27358398e+02, 2.45938492e+02, 1.26196556e+02, 2.83347382e+02,
       1.24886192e+02, 3.20220825e+02, 1.24025551e+02, 3.57268768e+02,
       1.22787857e+02, 3.93864594e+02, 1.21962379e+02, 4.30514465e+02,
       1.20873726e+02, 4.66661682e+02, 1.19998924e+02, 1.72445709e+02,
       1.65798004e+02, 2.09935089e+02, 1.64413254e+02, 2.47187393e+02,
       1.63258865e+02, 2.84610748e+02, 1.61800995e+02, 3.21668793e+02,
       1.60664825e+02, 3.59260834e+02, 1.59312576e+02, 3.95678101e+02,
       1.58356262e+02, 4.32284180e+02, 1.57315674e+02, 4.68607361e+02,
       1.56207535e+02, 1.73857361e+02, 2.02714417e+02, 2.11103363e+02,
       2.01353470e+02, 2.48845795e+02, 2.00270477e+02, 2.86024139e+02,
       1.98831421e+02, 3.23458221e+02, 1.97504578e+02, 3.60512573e+02,
       1.96345215e+02, 3.97431824e+02, 1.94862549e+02, 4.34176727e+02,
       1.93683121e+02, 4.70566406e+02, 1.92743317e+02, 1.75124283e+02,
       2.40499313e+02, 2.12511414e+02, 2.38733307e+02, 2.49951294e+02,
       2.37389923e+02, 2.87482544e+02, 2.36030563e+02, 3.25093811e+02,
       2.34584747e+02, 3.62229645e+02, 2.33341965e+02, 3.99481659e+02,
       2.31710831e+02, 4.36268860e+02, 2.30594467e+02, 4.72402527e+02,
       2.29129532e+02, 1.75819458e+02, 2.77523590e+02, 2.13699677e+02,
       2.76244324e+02, 2.51489670e+02, 2.74958008e+02, 2.89218994e+02,
       2.73217224e+02, 3.26491852e+02, 2.71810974e+02, 3.64085266e+02,
       2.70700012e+02, 4.01163544e+02, 2.69074036e+02, 4.37819702e+02,
       2.67488739e+02, 4.74204437e+02, 2.66296112e+02, 1.77460724e+02,
       3.15273468e+02, 2.15379761e+02, 3.13912933e+02, 2.53030655e+02,
       3.12445953e+02, 2.90610046e+02, 3.10881042e+02, 3.27990723e+02,
       3.09254059e+02, 3.65439209e+02, 3.07828033e+02, 4.02640198e+02,
       3.06445099e+02, 4.39482300e+02, 3.04690552e+02, 4.75731842e+02,
       3.03160980e+02, 1.70124542e+02, 1.30473953e+02, 2.07114777e+02,
       1.29128189e+02, 2.44301239e+02, 1.27620560e+02, 2.81495911e+02,
       1.26649406e+02, 3.18532990e+02, 1.25258820e+02, 3.55637115e+02,
       1.24356720e+02, 3.92353790e+02, 1.23452202e+02, 4.28895752e+02,
       1.22281342e+02, 4.65480194e+02, 1.21107170e+02, 1.71029968e+02,
       1.67257294e+02, 2.08376480e+02, 1.66403580e+02, 2.45583679e+02,
       1.64520248e+02, 2.83195496e+02, 1.63307373e+02, 3.20218689e+02,
       1.62258713e+02, 3.57368134e+02, 1.61112579e+02, 3.94254761e+02,
       1.59744431e+02, 4.30832428e+02, 1.58811157e+02, 4.67381744e+02,
       1.57480087e+02, 1.72294556e+02, 2.04643127e+02, 2.09569092e+02,
       2.03066559e+02, 2.47075485e+02, 2.01757965e+02, 2.84494049e+02,
       2.00403549e+02, 3.21818237e+02, 1.98800705e+02, 3.59288879e+02,
       1.97731079e+02, 3.96161926e+02, 1.96459641e+02, 4.33105438e+02,
       1.95527832e+02, 4.69239960e+02, 1.94241241e+02, 1.73534500e+02,
       2.41817566e+02, 2.11023773e+02, 2.40421143e+02, 2.48407639e+02,
       2.38990311e+02, 2.86149872e+02, 2.37427551e+02, 3.23425018e+02,
       2.36089645e+02, 3.61005310e+02, 2.34591217e+02, 3.97905365e+02,
       2.33528122e+02, 4.34580933e+02, 2.32294968e+02, 4.71229340e+02,
       2.30659592e+02, 1.74798737e+02, 2.79477600e+02, 2.12196243e+02,
